unit_1
int[] initList = {
37502,39334,44167,49258,
49258,51090,56614,63169,
63169,65071,69665,74747,
74747,76378,80722,85421,
85421,87162,91646,96827,
96827,98308,101090,107180,
107180,108891,113945,119627,
119627,121259,126853,131895,
131895,133436,137299,143482,
143482,145303,150597,156369,
156369,158160,163685,170212,
170212,171953,176107,181698,
181698,183339,185791,190868,
190868,192619,197163,201761,
201761,203383,208657,214931,
214931,216572,220826,226486,
226486,228188,232831,237001,
237001,238562,242666,248447,
248447,150088,254131,259803,
259803,261515,266819,271000}

unit_2
int[] initList = {
5656,7336,11712,17597,
17597,19250,24377,29700,
29700,31442,36472,42228,
42228,43943,48310,53956,
53956,55618,60454,66193,
66193,67740,71355,77082,
77082,78814,82792,89370,
89370,90979,96619,102676,
102676,104355,109129,114407,
114407,116140,121373,127438,
127438,129100,133838,138993,
138993,140717,145667,152394,
152394,153959,158565,164125,
164125,165698,169270,174574,
174574,176236,180347,185880,
185880,187506,191670,196855,
196855,198376,203070,209100,
209100,210903,214961,219742,
219742,221510,225063,229339,
229339,231045,235430,240000}

unit_3
int[] initList = {
5714,7411,11467,17578,
17578,19239,24273,29748,
29748,31731,36631,41872,
41872,43703,48738,54671,
54671,56305,59607,65314,
65314,66876,71273,76773,
76773,78416,81611,87676,
87676,89345,93976,100473,
100473,102098,107151,113137,
113137,114699,118262,124589,
124589,126115,131778,136695,
136695,138508,143758,149727,
149727,151441,156009,161528,
161528,163054,167999,173428,
173428,175170,178382,183306,
183306,184887,190396,196276,
196276,197802,201769,207771,
207771,209440,215112,221263,
221263,222770,226719,232136,
232136,233778,238804,243000}

unit_4
int[] initList = {
5656,7173,10917,14925,
14925,16362,19786,26005,
26005,27486,33102,38398,
38398,39969,42905,48982,
48982,50463,54536,60744,
60744,62758,76635,70491,
70491,71946,77429,83045,
83045,84766,90213,96789,
96789,98298,102973,108252,
108252,109876,114986,122201,
122201,123674,128846,133351,
133351,134992,137919,143765,
143765,145415,148476,154019,
154019,155811,160274,165453,
165453,167148,171637,178584,
178584,180271,185550,191023,
191023,192522,197588,203684,
203684,205246,210205,215722,
215722,216337,222563,228989,
228989,230896,135465,240000}

unit_5
int[] initList = {
5566,7185,11466,17046,
17046,18856,22755,28472,
28472,30082,34285,40142,
40142,41647,45642,52439,
52439,54084,58905,64884,
64884,66529,70314,75509,
75509,77128,81715,87721,
87721,89348,92455,97246,
97246,98778,103608,108943,
108943,110683,114774,121352,
121352,123102,127610,132934,
132934,134605,138956,145075,
145075,146624,151759,158420,
158420,160117,163911,169019,
169019,170673,175120,180861,
180861,182532,187205,191765,
191765,193262,197230,202816,
202816,204443,208594,213868,
213868,215409,219560,225205,
225205,226728,23984,235000}

unit_6
int[] initList = {
5822,7506,11997,18803,
18803,20575,25065,31620,
31620,33383,38461,44286,
44286,46005,50373,57067,
57067,58794,63460,69020,
69020,70599,74309,79229,
79229,80895,85780,92009,
92009,93526,97499,103172,
103172,104935,109118,114890,
114890,116469,118996,123806,
123806,125674,130428,136120,
136120,137857,141260,147003,
147003,148582,152713,158879,
158879,160624,164992,171400,
171400,173238,177264,182455,
182455,184096,188700,194638,
194638,196383,199839,204583,
204583,206267,210187,215051,
215051,216775,220450,226506,
226506,228192,233081,238000}


unit_7
int[] initList = {
5634,7273,10493,14827,
14827,16594,21564,27304,
27304,28986,31924,36531,
36531,38145,43038,49033,
49033,50809,54276,59203,
59203,61005,64958,70397,
70397,72199,75939,81103,
81103,82666,86970,91307,
91307,92870,97105,102525,
102525,104318,107580,113309,
113309,114915,119142,125189,
125189,126794,130867,135861,
135861,137475,142240,148098,
148098,149797,154451,160516,
160516,162105,167015,173549,
173549,175257,179672,185078,
185078,186632,191072,195442,
195442,197150,200993,206124,
206124,207806,212341,218790,
218790,220481,225682,231000}

unit_8
int[] initList = {
5724,7569,11612,18069,
18069,19621,24010,29684,
29684,31440,36406,42639,
42639,44253,48243,53757,
53757,55628,60629,66802,
66802,68309,72893,18798,
18798,80421,83205,89162,
89162,90944,95750,100999,
100999,102799,108075,114205,
114205,115864,120403,127187,
127187,128863,133048,139584,
139584,141375,146102,151448,
151448,153018,156698,162441,
162441,164064,169500,175273,
175273,176869,180699,186630,
186630,188430,191808,196629,
196629,198288,201958,207959,
207959,209564,214946,219016,
219016,220657,224673,229566,
229566,231109,234913,240000}

unit_9
int[] initList = {
6014,7721,12725,19003,
19003,21234,25055,30599,
30599,32334,36470,41102,
41102,42709,46051,52463,
52463,54152,58686,64311,
64311,66018,69288,74425,
74425,76258,80512,86066,
86066,87746,91278,96857,
96857,98645,106189,109043,
109043,110930,115943,122891,
122891,124535,129548,136387,
136387,138176,143261,149125,
149125,150914,155854,161489,
161489,162979,167676,173530,
173530,175192,179031,185406,
185406,187366,190464,196613,
196613,198338,201852,207523,
207523,209203,213990,219653,
219653,221270,226563,232236,
232236,234042,239552,245000}

unit_10
int[] initList = {
5690,7493,11666,17600,
17600,19197,23902,29148,
29148,30960,35202,41102,
41102,53836,48108,52581,
52581,54461,58840,64732,
64732,66492,70802,76030,
76030,77893,82951,87845,
87845,89476,93770,100511,
100511,102057,105680,109059,
109059,110596,114374,120573,
120573,122350,127004,132810,
132810,134364,139241,144057,
144057,145672,149887,155632,
155632,157186,162930,167973,
167973,169656,173751,178764,
178764,180524,185161,171163,
171163,192735,195680,200406,
200406,202020,206493,211439,
211439,212950,216428,221235,
221235,223021,227795,233000}

unit_11
int[] initList = {
5914,7591,12771,18866,
18866,20613,24248,29760,
29760,31498,35212,41341,
41341,43088,46995,52093,
52093,53769,58686,104447,
104447,66281,70101,76685,
76685,78511,83419,90085,
90085,91762,96643,102633,
102633,104257,108778,113483,
113483,115213,118786,124325,
124325,125975,131111,137274,
137274,138898,142551,147922,
147922,149520,153796,159326,
159326,160898,164533,169808,
169808,171494,176323,182450,
182450,184144,188288,193441,
193441,195101,198288,203738,
203738,205292,208883,214598,
214598,216318,219909,225465,
225465,227098,231874,238000}

unit_12
int[] initList = {
5960,7665,12308,16888,
16888,18506,21725,27236,
27236,28924,33550,39415,
39415,40892,46379,52393,
52393,54530,59049,64493,
64493,66085,70200,75525,
75525,77275,82172,87080,
87080,88645,93429,98308,
98308,99856,104727,110389,
110389,111990,117591,122640,
122640,124249,127336,132186,
132186,133944,138903,144627,
144627,146245,149780,155221,
155221,156839,160937,167144,
167144,168797,172850,178496,
178496,180026,185073,189336,
189336,190954,196529,201400,
201400,203089,207565,213745,
213745,215266,220199,225977,
225977,227709,233688,238000}

unit_13
int[] initList = {
6174,7956,12442,19051,
19051,20805,24606,30369,
30369,32096,36847,42750,
42750,44559,50050,54802,
54802,56373,61061,66385,
66385,68377,73138,78016,
78016,79651,83324,89755,
89755,91591,96991,104003,
104003,105648,109340,115754,
115754,117517,121364,126514,
126514,128452,133724,140065,
140065,141619,144808,149948,
149948,151529,155458,162082,
162082,163581,167190,173016,
173016,174661,178142,18388,
18388,185478,191545,196744,
196744,198316,202290,208283,
208283,210174,215994,222284,
222284,223975,229046,236082,
236082,237663,241154,247000}

unit_14
int[] initList = {
6105,7933,12168,18907,
18907,20673,23889,29661,
29661,31339,35223,40977,
40977,42417,45528,50594,
50594,52202,55216,61531,
61531,63209,67602,73040,
73040,74683,79648,86522,
86522,88305,93770,100441,
100441,102005,106916,112628,
112628,114219,118234,123389,
123389,124927,130410,135331,
135331,136798,141815,146418,
146418,147964,151039,157372,
157372,159094,163338,168916,
168916,170533,175216,180883,
180883,182737,188053,193150,
193150,194679,200566,206904,
206904,208520,211718,217216,
217216,218815,224122,229225,
229225,230842,234093,238000}

unit_15
int[] initList = {
6039,7674,12722,19303,
19303,21062,25864,30548,
30548,32342,37047,42852,
42852,44629,49562,55234,
55234,57125,62023,67317,
67317,69006,73482,77993,
77993,79523,84395,89204,
89204,90963,96099,100573,
100573,102438,107670,112394,
112394,114143,118250,123410,
123410,125204,130577,135527,
135527,137426,142263,146616,
146616,148313,152965,158936,
158936,160783,163482,168731,
168731,170454,175528,181597,
181597,183321,187788,194244,
194244,195915,200725,205051,
205051,206740,211049,215398,
215398,217051,222125,227277,
227277,229115,233750,238000}

unit_16
int[] initList = {
5928,7474,11657,17035,
17035,19006,23976,29899,
29899,31676,36072,41450,
41450,43014,47596,53425,
53425,55063,59487,64853,
64853,56464,70575,76921,
76921,78531,82668,88292,
88292,90125,94965,101057,
101057,102779,107073,113597,
113597,115217,120113,125769,
125769,127528,132822,139449,
139449,141069,144826,150592,
150592,152313,157690,163149,
163149,164889,168582,174143,
174143,175939,180918,187731,
187731,189452,194663,201413,
201413,203153,206818,212489,
212489,214090,219773,226086,
226086,228011,232889,238942,
238942,340618,245782,251000}

unit_17
int[] initList = {
5948,7786,11144,16458,
16458,18068,22846,28971,
28971,30682,34923,40956,
40956,42667,47290,52841,
52841,54634,57810,63841,
63841,66007,71831,78425,
78425,80199,85532,92103,
92103,93678,98519,104463,
104463,106338,110124,116528,
116528,118403,123517,129271,
129271,131155,235978,142304,
142304,143924,147837,153032,
153032,155134,159912,166373,
166373,168411,172242,178011,
178011,179695,183044,188176,
188176,190014,193800,198410,
198410,200167,204917,210933,
210933,212543,216147,222609,
222609,224401,229188,235520,
235520,237222,241435,247000}

unit_18
int[] initList = {
6006,7857,12069,17937,
17937,19723,26998,33695,
33695,35272,39584,44322,
44322,46063,51268,57247,
57247,58870,62279,68706,
68706,70201,74723,80446,
80446,82406,86189,93118,
93118,94922,98706,105864,
105864,107596,112947,119009,
119009,120559,124926,131497,
131497,133321,137368,142434,
142434,143984,147366,153425,
153425,155276,158931,164837,
164837,166497,171939,178395,
178395,180191,184731,190812,
190812,192435,196874,202031,
202031,203709,208686,213835,
213835,215695,219797,225549,
225549,227272,231310,237306,
237306,238728,242210,247000}

unit_19
int[] initList = {
6072,7754,12447,18328,
18328,20179,24068,29431,
29431,31057,36469,42751,
42751,44686,49332,55529,
55529,57445,61558,67680,
67680,69316,74999,80741,
80741,82507,87088,93087,
93087,94751,99920,106520,
106520,108128,111914,117829,
117829,119531,124055,129325,
129325,131092,135981,140623,
140623,142493,147587,155487,
155487,155197,159497,165591,
165591,167161,172723,178819,
178819,180679,186082,191465,
191465,193353,197672,203102,
203102,204859,210748,216404,
216404,218226,223648,228911,
228911,230565,236323,242719,
242719,242505,248038,253000}

unit_20
int[] initList = {
5851,7589,12118,18282,
18282,19985,23452,29015,
29015,30876,35177,39881,
39881,41365,45517,49866,
49866,51517,55353,59652,
59652,61434,65823,70973,
70973,72623,78460,83921,
83921,85730,90259,95165,
95165,96973,103100,109248,
109248,111108,116568,123066,
123066,124743,129939,135565,
135565,137075,142491,148269,
148269,150341,155625,161728,
161728,163299,167969,173954,
173954,175701,178984,184082,
184082,185794,189700,194394,
194394,196194,199687,204951,
204951,206636,211359,216405,
216405,217906,222409,228148,
228148,229824,233967,238000}

unit_21
int[] initList = {
6163,7944,13410,18102,
18102,19734,24752,30095,
30095,31924,36895,41800,
41800,43479,48534,54166,
54166,55751,60928,66843,
66843,68774,73186,79585,
79585,81646,87196,93195,
93195,95023,99538,105526,
105526,107298,111924,117864,
117864,119589,124076,129962,
129962,131566,137116,143234,
143234,144745,150015,155032,
155032,156729,160982,166363,
166363,168275,174235,180730,
180730,182502,186289,192359,
192359,193880,199420,205737,
205737,207649,211781,217469,
217469,219270,223029,228660,
228660,230321,235320,240476,
240476,242239,248217,253000}

unit_22
int[] initList = {
6031,7614,13062,19581,
19581,21183,25811,30558,
30558,32374,37067,42271,
42271,43835,47243,53333,
53333,54897,60242,65921,
65921,67672,72011,77934,
77934,79507,84405,89971,
89971,91731,96415,102021,
102021,103818,109433,114769,
114769,116753,121092,126622,
126622,128372,132619,139063,
139063,140897,145358,151801,
151801,153766,158376,164829,
164829,166459,171067,176637,
176637,178378,182569,187752,
187752,189354,194215,200352,
200352,201963,206135,212205,
212205,214132,219812,226090,
226090,227608,232869,239875,
239875,241747,246897,252000}

unit_23
int[] initList = {
6173,7852,13114,19830,
19830,21770,26048,31318,
31318,32952,37275,42626,
42626,44232,48149,54005,
54005,55900,61451,65710,
65710,67534,72380,77281,
77281,78959,83319,89193,
89193,91746,96558,102508,
102508,104277,209373,113643,
113643,115285,119130,124961,
124961,126730,131107,137344,
137344,139013,144564,149909,
149909,151831,157384,162182,
162182,163836,169044,173176,
173176,175116,179846,185448,
185448,187163,191586,197481,
197481,199286,204241,209946,
209946,211579,216146,220863,
220863,222641,227903,233255,
233255,235061,240034,245000}

unit_24
int[] initList = {
6022,7765,11886,18100,
18100,19995,25423,31486,
31486,33201,38619,44219,
44219,45934,51106,57642,
57642,59423,63989,69237,
69237,71094,77091,82397,
82397,84159,89919,96456,
96456,98284,103428,109832,
109832,111405,116227,122567,
122567,124755,129653,135449,
135449,136974,142497,148002,
148002,149793,153440,158191,
158191,160019,165192,170345,
170345,172126,177545,182489,
182489,184146,187680,193399,
193399,195038,200353,206492,
206492,208501,212745,219129,
219129,220920,226083,231926,
231926,233897,239022,245372,
245372,247153,251671,257000}

unit_25
int[] initList = {
6204,7930,13815,19938,
19938,21756,26108,31956,
31956,33783,37823,44220,
44220,45909,50095,56778,
56778,58578,62782,69125,
69125,71163,74817,80868,
80868,82621,87110,92515,
92515,94333,99382,104699,
104699,106571,110684,116862,
116862,118955,123132,129227,
129227,130787,135387,141592,
141592,143382,148872,154730,
154730,156484,161726,167088,
167088,168850,173110,178296,
178296,180013,183859,190101,
190101,191918,195774,201795,
201795,203438,208157,213756,
213756,215546,219916,225891,
225891,227645,232483,237614,
237614,239423,244793,249000}

unit_26
int[] initList = {
6200,8012,11714,16935,
16935,18616,21979,26689,
26689,28344,33284,39017,
39017,40698,45307,50875,
50875,52521,56825,62566,
62566,64275,68483,73865,
73865,75773,79014,84020,
84020,85728,90633,95685,
95685,97497,101278,106033,
106033,107601,111147,116338,
116338,117915,123316,128091,
128091,129790,135044,140847,
140847,142676,148043,152495,
152495,154255,159857,165459,
165459,167071,170817,175810,
175810,177378,181682,187754,
187754,189349,194593,199499,
199499,201110,205754,212003,
212003,213780,219452,224645,
224645,226265,231179,236000}

unit_27
int[] initList = {
6303,8032,13064,18911,
18911,20768,26185,32049,
32049,33660,37704,42524,
42524,44427,50612,57386,
57386,59033,64165,69453,
69453,70972,74128,78893,
78893,80659,84520,89658,
89658,91112,96657,102176,
102176,104006,109203,114839,
114839,116403,120887,125963,
125963,87802,131974,136894,
136894,138477,143226,148432,
148432,150390,156145,161178,
161178,162797,168131,173208,
173208,175075,180089,185898,
185898,187847,193977,199880,
199880,201637,206935,211885,
211885,213486,218729,223238,
223238,224793,229926,236112,
236112,237813,243367,248000}

unit_28
int[] initList = {
6036,7770,13313,18903,
18903,20601,25713,31586,
31586,33220,39305,45705,
45705,47412,51220,57716,
57716,59726,65260,70963,
70963,72670,75735,81936,
81936,83606,88103,94196,
94196,95948,100858,105510,
105510,107125,111292,116954,
116954,118964,125003,131538,
131538,133190,136631,142099,
142099,143815,147954,153423,
153423,155240,159361,164111,
164111,165800,171710,177016,
177016,178732,183404,189718,
189718,191480,196509,201861,
201861,203797,208606,214634,
214634,216332,222518,227869,
227869,229466,234421,239247,
239247,240752,244956,249000}

unit_29
int[] initList = {
6292,8095,13243,19235,
19235,21180,26356,32472,
32472,36098,37958,43330,
43330,45265,50920,56274,
56274,58031,63225,69247,
69247,70854,74808,81550,
81550,83213,91126,97188,
97188,98972,102758,108926,
108926,110777,114178,178598,
178598,120176,125737,131271,
131271,132971,138673,144000,
144000,145935,151393,157631,
157631,159604,165043,171461,
171461,173058,177398,183209,
183209,184956,189183,194800,
194800,196350,201356,207095,
207095,208993,212948,217981,
217981,219418,223711,229421,
229421,231365,237190,242111,
242111,244036,248789,254000}

unit_30
int[] initList = {
5944,7531,12474,16878,
16878,18538,23062,28551,
28551,30293,35446,41283,
41283,43043,47239,52508,
52508,54369,59458,64467,
64467,65990,70897,76587,
76587,78274,84768,91239,
91239,93227,98079,104803,
104803,106645,112209,118085,
118085,119863,125464,131044,
131044,132668,137757,141960,
141960,143593,148336,153405,
153405,154946,160500,166085,
166085,167644,172214,177183,
177183,178970,184908,189275,
189275,190990,197858,203618,
203618,205132,208461,213666,
213666,215199,219376,223623,
223623,225401,230336,236307,
236307,237921,242400,247000}