
unit_1
int[] initList = {
37754,39451,42628,46788,
46788,48504,51015,56374,
56374,58071,63141,67884,
67884,69738,74543,79906,
79906,81661,85447,91454,
91454,93503,98289,103789,
103789,105447,109840,116215,
116215,117990,121922,128608,
128608,130305,134326,138746,
138746,140374,143718,150048,
150048,151647,155001,159154,
159154,160889,166322,171549,
171549,173481,178884,185228,
185228,187072,191956,197076,
197076,198655,202558,207376,
207376,209210,213702,218739,
218739,220475,224947,229358,
229358,131085,235694,241568,
241568,243302,249467,254393,
254393,256060,261101,265000}

unit_2
int[] initList = {
6046,7778,12181,17980,
17980,19686,24147,29745,
29745,31178,33993,38221,
38221,39858,43032,48028,
48028,49786,54060,60000,
60000,61848,65831,70693,
70693,72288,76690,81628,
81628,83471,89135,93324,
93324,194851,100345,105284,
105284,107101,111699,117337,
117337,119163,124631,130264,
130264,131902,136108,141354,
141354,142966,148443,153500,
153500,155130,160615,166342,
166342,168134,172843,177859,
177859,179540,185384,190861,
190861,192576,198462,202387,
202387,204127,208034,212134,
212134,213754,217320,221967,
221967,223485,227606,231000}

unit_3
int[] initList = {
5987,7801,12523,17975,
17975,19634,23672,28984,
28984,30679,35711,40741,
40741,42637,47797,53130,
53130,54844,60113,66059,
66059,67691,72057,77835,
77835,79786,84626,90187,
90187,91800,97315,103542,
103542,105356,110333,116671,
116671,118084,123189,128760,
128760,130282,135688,141585,
141585,143262,146772,152650,
152650,154410,159861,165130,
165130,166907,171155,176750,
176750,178537,183177,188920,
188920,190488,194727,200422,
200422,202072,206147,212665,
212665,214270,218162,223903,
223903,225553,230384,236137,
236137,237860,242236,247000}



unit_4
int[] initList = {
6174,7752,11831,17202,
17202,18824,22213,26755,
26755,28643,32826,37343,
37343,39025,44734,51618,
51618,53188,57603,62095,
62095,63802,67295,71578,
71578,73372,78865,84118,
84118,85716,91226,95959,
95959,97701,102643,106945,
106945,108730,113232,118353,
118353,119948,125537,129752,
129752,131175,134323,140221,
140221,141954,147732,153004,
153004,154573,159541,164897,
164897,166734,172425,178197,
178197,179818,183044,188705,
188705,190456,194914,200633,
200633,202375,207024,211636,
211636,213361,218613,224884,
224884,226402,229136,233000}


unit_5
int[] initList = {
5972,7784,11961,16153,
16153,18121,23610,29600,
29600,31110,36263,42558,
42558,44258,48453,53492,
53492,55356,60051,65850,
65850,68326,71106,76145,
76145,77923,81867,85963,
85963,87983,93153,99049,
99049,100707,106109,112135,
112135,113905,118625,124306,
124306,125971,131210,216287,
216287,138056,141759,146848,
146848,148540,153442,159483,
159483,161166,164532,169422,
169422,170984,175878,180279,
180279,181979,186044,190808,
190808,192836,196228,202293,
202293,204132,207559,212088,
212088,214039,218880,224629,
224629,226269,230127,234000}

unit_6
int[] initList = {
5855,7708,11746,17764,
17764,19463,24022,29871,
29871,31621,35745,42123,
42123,43651,49012,53613,
53613,55449,59709,65079,
65079,66898,71849,76921,
76921,78518,81805,87650,
87650,89221,93088,98314,
98314,99893,105084,111120,
111120,112751,115636,121132,
121132,122729,126067,131401,
131401,133066,135824,140575,
140575,142232,146534,151024,
151024,152877,156898,162984,
162984,164709,169405,174545,
174545,176192,179129,184291,
184291,185862,189576,194935,
194935,196566,200459,206642,
206642,208400,214129,219723,
219723,221345,227509,231000}


unit_7
int[] initList = {
6088,7811,12197,18225,
18225,19994,23641,29245,
29245,31014,34241,39555,
39555,41269,46995,51845,
51845,53477,58382,64538,
64538,66425,69963,75695,
75695,77400,81513,88837,
88837,90724,96140,101162,
101162,102976,108465,115052,
115052,116766,122064,128110,
128110,129988,134766,141150,
141150,142919,147050,153504,
153504,155145,160005,164772,
164772,166587,170489,175439,
175439,177144,182086,187863,
187863,189668,193425,199207,
199207,200957,206537,211909,
211909,213577,218300,224334,
224334,226367,230543,235731,
235731,237336,242533,247000}

unit_8
int[] initList = {
5708,7392,11152,16689,
16689,18330,21458,25848,
25848,27558,33276,38183,
38183,39695,44747,49225,
49225,50908,54319,59119,
59119,60914,64068,69100,
69100,70647,74117,79440,
79440,80935,83645,588504,
588504,90299,94504,99554,
99554,101306,105853,111667,
111667,113290,117051,122811,
122811,124409,128708,134675,
134675,136461,139162,144254,
144254,145972,150450,155491,
155491,157149,162704,167663,
167663,169493,175715,180716,
180716,182348,187570,192923,
192923,194615,199590,205324,
205324,207017,212401,217865,
217865,219805,225899,231000}

unit_9
int[] initList = {
6513,8207,13312,17848,
17848,19516,22910,28117,
28117,29793,33076,37299,
37299,38966,41940,47197,
47197,48899,54021,59772,
59772,61663,67644,72587,
72587,74237,78947,84664,
84664,86253,90129,95987,
95987,97654,101951,107392,
107392,109128,113004,118508,
118508,120379,124865,130029,
130029,131644,135709,141983,
141983,143779,147835,153791,
153791,155664,160202,106608,
106608,108310,173088,178467,
178467,180117,184569,189734,
189734,191419,195561,200045,
200045,201738,205992,210967,
210967,212565,216673,221622,
221622,223452,227646,233000}

unit_10
int[] initList = {
5959,7545,11037,15730,
15730,17585,22316,28280,
28280,29996,34510,39525,
39525,41188,44628,50711,
50711,52453,56049,60951,
60951,62597,65734,71114,
71114,73003,78791,84573,
84573,86132,91176,95558,
95558,97170,100497,105460,
105460,107184,111907,118348,
118348,120133,123747,129507,
129507,131223,135252,141310,
141310,142965,146457,152140,
152140,153760,158058,163004,
163004,164876,168680,175631,
175631,177407,182711,188621,
188621,190857,195476,200936,
200936,202660,205771,211124,
211124,212857,216600,222883,
222883,224798,228975,235000}

unit_11
int[] initList = {
6236,8028,11887,16903,
16903,18670,23839,28595,
28595,30283,33898,37946,
37946,39981,41150,51500,
51500,53383,58025,62728,
62728,64433,69825,65215,
65215,66840,81366,86097,
86097,87864,91408,96761,
96761,98430,103723,110743,
110743,112448,117269,122598,
122598,124259,129213,134665,
134665,136530,141092,147352,
147352,149030,154565,159359,
159359,160992,165777,170650,
170650,172212,177282,183235,
183235,185003,190394,196627,
196627,198305,203313,208707,
208707,210260,215090,220049,
220049,221781,226111,231020,
231020,232600,236733,242000}

unit_12
int[] initList = {
5913,7767,12751,19955,
19955,21692,26893,32401,
32401,34056,37937,42836,
42836,44420,48345,53528,
53528,55237,60583,66118,
66118,67774,71935,78457,
78457,80130,84900,88922,
88922,90406,96494,101858,
101858,103812,109240,115131,
115131,117220,121725,128101,
128101,129693,133583,138557,
138557,140158,144545,149699,
149699,151554,155280,161902,
161902,163611,168957,174784,
174784,176493,181396,186543,
186543,188261,192160,197340,
197340,199294,204251,209571,
209571,211245,216374,221365,
221365,222939,227443,233741,
233741,235559,240860,245000}

unit_13
int[] initList = {
6114,7781,12441,18299,
18299,19983,23971,28536,
28536,30254,33281,38083,
38083,39741,44121,48241,
48241,49874,53981,58912,
58912,60818,66533,71320,
71320,72927,76498,82083,
82083,83810,88946,93821,
93821,95632,100377,106519,
106519,108373,113143,118017,
118017,119760,123119,129003,
129003,130890,135189,140524,
140524,142259,147864,152558,
152558,154369,158502,162821,
162821,164419,169845,174240,
174240,176229,180651,186222,
186222,187914,193935,199543,
199543,201286,206108,211705,
211705,213465,218184,222474,
222474,224124,227015,230000}

unit_14
int[] initList = {
6246,7768,13495,18166,
18166,19829,24113,29876,
29876,31521,36210,40537,
40537,42314,47901,53101,
53101,54614,59048,64458,
64458,66209,71004,77639,
77639,79179,84510,89753,
89753,91302,95243,99446,
99446,101012,105120,111349,
111349,113143,118141,124045,
124045,125945,130106,135772,
135772,137417,141394,146309,
146309,148042,153259,158108,
158108,159824,164310,170301,
170301,171841,176336,181428,
181428,183047,187111,191905,
191905,193665,198389,203174,
203174,204978,209491,214381,
214381,216096,222061,227801,
227801,229279,232965,238000}

unit_15
int[] initList = {
6144,7940,12879,18131,
18131,19791,23129,28638,
28638,30239,33417,37941,
37941,39627,44507,49614,
49614,51199,55590,61542,
61542,63152,66700,71064,
71064,72825,77267,82561,
82561,84339,88790,94918,
94918,96595,101892,106145,
106145,107923,112964,118663,
118663,120458,123771,129122,
129122,130699,134053,138501,
138501,140144,144890,150664,
150664,152409,156185,161647,
161647,163366,168626,174577,
174577,176299,179524,184319,
184319,185912,200414,206495,
206495,208332,212951,218565,
218565,220419,224878,228000}

unit_16
int[] initList = {
6761,8666,12956,18432,
18432,20128,23509,29387,
29387,31125,35834,40481,
40481,42124,47479,53168,
53168,55142,60366,66597,
66597,68283,72607,77997,
77997,79587,83509,89299,
89299,90916,95738,100947,
100947,102860,107385,112338,
112338,114085,118540,123491,
123491,124959,130472,135934,
135934,137454,141962,147604,
147604,149168,152339,156905,
156905,158477,162120,166852,
166852,168555,173483,178760,
178760,180411,184307,189537,
189537,191232,194945,201018,
201018,202687,208304,214210,
214210,215678,219531,224841,
224841,226510,230878,236000}

unit_17
int[] initList = {
6404,8524,14440,21075,
21075,22881,28483,33283,
33283,34801,40429,45116,
45116,46730,52175,58083,
58083,59802,64339,69950,
69950,71555,74234,78681,
78681,80296,85889,90741,
90741,92407,98821,103787,
103787,105314,110776,116099,
116099,117704,122059,126883,
126883,128479,132336,137315,
137315,139060,144514,148710,
148710,150359,155254,159923,
159923,161511,166153,171134,
171134,172722,177844,182870,
182870,184502,187792,192762,
192762,194463,199725,205265,
205265,206871,210864,215396,
215396,216993,220850,226476,
226476,228047,232366,236000}

unit_18
int[] initList = {
6295,8061,13466,18823,
18823,20455,24262,30284,
30284,31991,36880,41303,
41303,42869,46833,50987,
50987,52461,56908,602998,
602998,64572,68228,73091,
73091,74657,77896,82824,
82824,84556,88895,94177,
94177,195926,100440,105030,
105030,106546,111002,116672,
116672,118246,122802,128332,
128332,129840,134587,140645,
140645,142469,146333,151221,
151221,152853,158217,162839,
162839,134472,168247,173193,
173193,174875,179531,184051,
184051,185667,189381,194009,
194009,195633,200172,204794,
204794,206460,209625,215205,
215205,217054,221510,225000}

unit_19
int[] initList = {
6299,8094,11819,16585,
16585,18112,23330,29322,
29322,31146,36398,42567,
42567,44085,48150,53045,
53045,54860,58568,64023,
64023,65601,69546,74822,
74822,76426,81627,88034,
88034,89587,93481,98154,
98154,99860,106889,114411,
114411,115929,121054,125804,
125804,127331,131013,135744,
135744,137501,141701,147005,
147005,148540,153012,156954,
156954,158566,161306,165689,
165689,167412,170390,176539,
176539,178100,182122,187916,
187916,189477,193473,197698,
197698,199488,203714,209907,
209907,211434,215337,219620,
219620,221147,225364,230000}

unit_20
int[] initList = {
6069,7858,12331,18321,
18321,19978,24478,30126,
30126,31810,36468,41896,
41896,43483,46141,52140,
52140,53648,58016,63329,
63329,64926,68969,74327,
74327,75827,80589,85315,
85315,86868,91007,96462,
96462,97971,102935,109558,
109558,111383,115987,121013,
121013,122469,128214,134548,
134548,136170,140363,145432,
145432,147151,151992,157588,
157588,159176,163114,167568,
167568,169076,171935,177739,
177739,179309,184887,189816,
189816,191412,196754,201570,
201570,203122,208306,213681,
213681,215330,220575,226279,
226279,227682,232524,237000}

unit_21
int[] initList = {
6428,8352,13308,18617,
18617,20116,25089,30844,
30844,32501,36739,42041,
42041,43620,48806,54444,
54444,56137,60455,65543,
65543,67245,71793,78693,
78693,80333,83897,90130,
90130,131620,95618,101628,
101628,103392,107143,115071,
115071,116879,120000,125964,
125964,127471,132693,138894,
138894,140437,145215,150880,
150880,152512,156226,162379,
162379,164063,167743,173175,
173175,174718,177972,183892,
183892,185399,189531,195517,
195517,197370,201715,207067,
207067,208858,212564,217347,
217347,218961,223642,228751,
228751,230365,235206,240000}

unit_22
int[] initList = {
6363,8078,13053,18969,
18969,20567,24570,30343,
30343,31977,36243,41606,
41606,43195,47970,52825,
52825,54523,58744,64580,
64580,66241,71243,77388,
77388,79068,84687,91061,
91061,92595,96208,102842,
102842,104322,107916,113706,
113706,115259,120624,127498,
127498,128977,132799,138161,
138161,139795,144942,150562,
150562,152187,155600,161970,
161970,163431,168161,174206,
174206,175804,180089,185842,
185842,187576,192187,197997,
197997,199540,204206,210414,
210414,212021,216079,222851,
222851,224503,229468,235561,
235561,237222,241570,246000}

unit_23
int[] initList = {
6496,8177,12099,17025,
17025,18688,21883,26641,
26641,28392,32376,37951,
37951,39851,44745,50367,
50367,52057,55331,60538,
60538,62184,67253,72512,
72512,74202,79244,83551,
83551,85285,89697,95815,
95815,197645,102303,107006,
107006,108870,112171,118455,
118455,120276,125493,131299,
131299,132875,138154,144135,
144135,145956,149493,156171,
156171,157904,162737,168024,
168024,169740,174021,180194,
180194,181893,185981,191733,
191733,193563,196951,202306,
202306,204049,209853,214588,
214588,216138,119745,225556,
225556,227579,232341,237000}

unit_24
int[] initList = {
6216,7852,11845,16067,
16067,17835,22965,28388,
28388,29984,33101,38646,
38646,40135,42966,47975,
47975,49538,53858,59869,
59869,61530,66848,72788,
72788,74670,78573,84721,
84721,86341,90572,95681,
95681,97383,102333,107815,
107815,109386,112995,118205,
118205,120202,125005,131598,
131598,133258,137815,143018,
143018,144663,148647,154519,
154519,156246,160820,165127,
165127,166812,171345,176554,
176554,178256,183444,188969,
188969,190679,195408,199834,
199834,201388,206281,211372,
211372,212919,217100,222898,
222898,224715,228544,228544}

unit_25
int[] initList = {
6420,8200,14366,20515,
20515,22422,25564,31266,
31266,32982,36478,40968,
40968,42766,46771,54113,
54113,55811,60079,67055,
67055,68698,723945,78184,
78184,79873,84096,90935,
90935,92497,98446,104295,
104295,106039,111233,117656,
117656,119409,124295,130316,
130316,132023,136092,141402,
141402,143027,147722,153779,
153779,155541,159573,165184,
165184,166864,171015,177988,
177988,179623,184590,189577,
189577,191347,196161,200446,
200446,202282,206314,212251,
212251,213958,217590,222809,
222809,224535,228730,234196,
234196,236075,240598,246000}

unit_26
int[] initList = {
6626,8482,13343,19392,
19392,21087,26332,31559,
31559,33111,366888,41786,
41786,433111,46264,52400,
52400,54228,59919,66362,
66362,67932,71277,76867,
76867,78500,83771,89374,
89374,90926,95983,100278,
100278,102053,107467,113073,
113073,114982,119299,124666,
124666,126280,130865,136262,
136262,138108,141712,146713,
146713,148247,153367,158372,
158372,160129,164027,169769,
169769,171571,176076,181766,
181766,183577,187234,193209,
193209,195154,200140,206289,
206289,207939,212595,218258,
218258,220016,225341,230140,
230140,231853,236821,241000}

unit_27
int[] initList = {
6619,8626,12322,17686,
17686,19520,24814,29262,
29262,31024,35854,40692,
40692,42508,47730,53533,
53533,55412,60506,65900,
65900,67598,72837,78750,
78750,80330,85378,91962,
91962,93842,98627,104940,
104940,106656,111705,116207,
116207,117914,122209,127811,
127811,129554,135220,140632,
140632,142349,147397,153227,
153227,154788,159428,164858,
164858,166556,169925,175044,
175044,176824,181318,87692,
87692,189508,193467,199987,
199987,201785,206471,212872,
212872,214706,220018,224468,
224468,226275,229944,234962,
234962,236542,240501,246000}

unit_28
int[] initList = {
6121,7838,13097,18773,
18773,20606,24147,29109,
29109,30888,36725,41782,
41782,43277,48607,53641,
53641,55465,60047,64975,
64975,66710,71381,75811,
75811,77662,83339,89071,
89071,90824,94499,99462,
99462,101277,105993,110456,
110456,112245,117201,122781,
122781,124347,129463,134206,
134206,135941,140523,147490,
147490,149163,154074,158960,
158960,160535,166736,172129,
172129,173846,179220,184925,
184925,186553,191714,196029,
196029,197916,201750,208273,
208273,209839,215925,220766,
220766,222341,226336,231689,
231689,233424,236200,241000}

unit_29
int[] initList = {
6841,8747,11909,18214,
18214,19914,25490,30149,
30149,32131,36579,41185,
41185,42824,47316,51621,
51621,53453,56800,62251,
62251,63757,68505,73958,
73958,75755,79322,85495,
85495,87415,91203,97042,
97042,98804,103772,109145,
109145,110784,114924,120445,
120445,122216,126294,132080,
132080,133868,137691,142851,
142851,144525,149739,156182,
156182,157987,162656,168354,
168354,169887,175780,181145,
181145,182881,186809,191969,
191969,193563,197333,202245,
202245,204007,209662,214304,
214304,215934,221157,226073,
226073,228072,233436,238000}

unit_30
int[] initList = {
6034,7564,12150,18075,
18075,19739,25216,31018,
31018,32597,37248,43554,
43554,45346,50631,57029,
57029,58757,64611,69648,
69648,71229,76532,82608,
82608,84106,89253,95013,
95013,96640,100785,107027,
107027,108709,113442,119335,
119335,120953,126302,131585,
131585,133349,137559,142409,
142409,144073,148521,153768,
153768,155368,160239,165595,
165595,167314,172451,158886,
158886,180586,185117,191792,
191792,193510,197720,203066,
203066,204840,210106,215788,
215788,217543,222341,229033,
229033,230623,234795,239109,
239109,240819,245074,249000}