unit_1
int[] initList = {
38112,39781,43323,49329,
49329,51110,55850,60482,
60482,62120,66091,72057,
72057,73940,78935,84930,
84930,86489,90880,97337,
97337,99129,103336,108531,
108531,110230,114448,120158,
120158,121929,126556,132326,
132326,134025,138591,143604,
143604,145365,149909,156796,
156796,158454,161965,167309,
167309,168850,172556,179248,
179248,181060,185871,192195,
192195,193792,199044,205348,
205348,207068,211439,217569,
217569,219248,223476,228129,
228129,230074,233452,239089,
239089,241044,246121,252363,
252363,254216,259969,265135,
265135,266814,271614,277000}

unit_2
int[] initList = {
6163,7808,13039,19119,
19119,20911,25560,32133,
32133,33917,38926,45340,
45340,46994,51329,56521,
56521,58064,64090,68849,
68849,70661,75892,81436,
81436,83303,87720,94164,
94164,95855,100744,107000,
107000,108719,113497,119127,
119127,120781,125855,132574,
132574,134293,137167,142226,
142226,143853,148991,153831,
153831,155597,160476,166965,
166965,168897,174026,180691,
180691,182234,186014,191577,
191577,193222,197168,203168,
203168,204754,209532,215104,
215104,216722,222230,227600,
227600,229291,233469,139957,
139957,241833,245317,250000}

unit_3
int[] initList = {
5721,7544,12125,18557,
18557,20221,24634,30484,
30484,32176,35327,40831,
40831,42636,46319,53556,
53556,55407,60419,65513,
65513,67355,72226,78210,
78210,79939,84334,90053,
90053,91764,96476,102235,
102235,104068,109313,115174,
115174,116922,121765,125981,
125981,127879,133208,138920,
138920,140547,145427,150110,
150110,151849,156524,162300,
162300,163917,167255,172836,
172836,174790,180044,185249,
185249,187194,191990,198237,
198237,200369,205838,211878,
211878,213795,220133,226345,
226345,228421,234255,240962,
240962,242785,247843,253000}

unit_4
int[] initList = {
5764,7739,13237,18846,
18846,20552,23732,29386,
29386,30916,35598,42144,
42144,43749,49200,55301,
55301,57026,62190,67613,
67613,69263,73723,79628,
79628,81717,84894,90351,
90351,92132,96406,101996,
101996,103850,107874,114003,
114003,116034,121717,127207,
127207,129061,131898,138469,
138469,140277,144941,151032,
151032,152951,158394,164710,
164710,166629,170551,176215,
176215,177958,183558,190959,
190959,192767,196355,202093,
202093,203752,206626,212919,
212919,214727,219632,225982,
225982,227975,232166,239018,
239018,240845,245388,251000}

unit_5
int[] initList = {
5794,7484,12897,18430,
18430,20161,23927,29283,
29283,30912,33947,40023,
40023,41614,47000,53171,
53171,54975,58131,64497,
64497,66199,69864,75422,
75422,76958,80521,85958,
85958,87606,91945,98320,
98320,99985,105556,111017,
111017,112840,118253,124426,
124426,126221,130867,137316,
137316,139324,144274,150612,
150612,152297,157044,162643,
162643,164503,169722,175413,
175413,177189,182279,188248,
188248,189960,194596,200581,
200581,202487,206975,213214,
213214,215009,219664,226221,
226221,228026,232569,235244,
235244,240946,245194,250000}

unit_6
int[] initList = {
5856,7770,11936,17283,
17283,19188,22873,28890,
28890,30635,35442,40630,
40630,42420,47449,52417,
52417,54384,58728,64806,
64806,66515,70316,76816,
76816,78525,82486,87764,
87764,89509,94609,100100,
100100,101890,107284,111948,
111948,113684,118260,124152,
124152,125807,129368,134860,
134860,136756,141189,146796,
146796,148728,154479,159697,
159697,161504,166498,172809,
172809,174518,178782,183615,
183615,185173,189126,195382,
195382,197011,201071,206331,
206331,207968,211874,217194,
217194,218812,223627,228848,
228848,130592,135898,241000}


unit_7
int[] initList = {
6172,8012,12835,17100,
17100,18984,24819,30665,
30665,32479,36151,41740,
41740,43545,47540,52353,
52353,53897,58066,62513,
62513,64266,68496,73476,
73476,75194,79756,85513,
85513,87415,91758,96866,
96866,98724,103251,108571,
108571,110149,114563,119883,
119883,121558,125640,130793,
130793,132537,136724,142000,
142000,143761,149649,154508,
154508,156174,160473,165495,
165495,167422,172525,179383,
179383,181310,186596,191202,
191202,192789,197002,203579,
203579,205271,210077,214777,
214777,216582,220333,225634,
225634,227509,231835,236000}

unit_8
int[] initList = {
5954,7562,12130,17230,
17230,18393,22915,27447,
27447,29300,33157,38148,
38148,39889,43655,49848,
49848,51481,55744,60716,
60716,62544,66858,72764,
72764,74591,78541,83200,
83200,84824,87988,92919,
92919,94704,98722,103730,
103730,105303,109829,116107,
116107,117892,122705,128899,
128899,130937,135260,141785,
141785,143722,148603,153595,
153595,155650,159508,165092,
165092,166962,170650,176368,
176368,178060,183009,187694,
187694,189250,193472,197726,
197726,199545,203741,208543,
208543,210540,215328,119745,
119745,221538,225252,229000}

unit_9
int[] initList = {
6065,7894,12395,17859,
17859,19763,24020,30153,
30153,31879,37074,42606,
42606,44425,50230,55838,
55838,57573,61164,67473,
67473,69424,74375,79138,
79138,80910,84624,89899,
89899,91718,94690,101215,
101215,102828,107048,114055,
114055,115836,120834,127240,
127240,129275,133922,138622,
138622,140348,146949,152351,
152351,154254,160040,166589,
166589,168408,174166,179209,
179209,181131,185885,192114,
192114,193961,199081,205187,
205187,206987,210982,216728,
216728,218425,223264,229442,
229442,231421,236147,242075,
242075,243688,248948,254000}

unit_10
int[] initList = {
5974,7758,12475,17090,
17090,18892,24595,30762,
30762,32364,36393,41206,
41206,42962,48186,53347,
53347,54941,60056,65397,
65397,67262,70621,75200,
75200,77019,81392,86259,
86259,87925,92262,98036,
98036,99810,104835,111610,
111610,113294,118627,124468,
124468,126324,131584,137587,
137587,139461,143146,149246,
149246,151048,156353,162955,
162955,164874,169926,176701,
176701,178493,182984,189611,
189611,191521,196899,202713,
202713,204361,208100,213077,
213077,214680,219360,224891,
224891,226629,229979,235190,
235190,236928,241356,245000}

unit_11
int[] initList = {
5994,7626,12302,18528,
18528,20445,24901,30107,
30107,31803,35140,40446,
40446,42418,47515,52988,
52988,54592,58654,64265,
64265,65878,71581,77688,
77688,79339,83712,88762,
88762,90605,85886,102618,
102618,104369,108568,113950,
113950,115756,120827,126119,
126119,127879,133353,139175,
139175,141100,146904,152938,
152938,154644,158632,164396,
164396,166129,170704,177080,
177080,178996,183782,189125,
189125,190996,196424,202294,
202294,204109,208583,213274,
213274,215172,219766,225350,
225350,227284,232648,239526,
239526,241176,245183,248000}

unit_12
int[] initList = {
6040,8116,12569,19130,
19130,20778,24702,29434,
29434,31037,35334,40840,
40840,42634,47796,53798,
53798,55537,59908,65981,
65981,67656,72591,78218,
78218,80084,85438,90217,
90217,91784,97247,103087,
103087,104572,110572,115297,
115297,117063,121871,126303,
126303,127951,131630,137483,
137483,139295,144185,149911,
149911,151650,156740,162321,
162321,164115,168166,174131,
174131,175824,180295,185255,
185255,187049,191702,196782,
196782,198667,203393,209320,
209320,210050,215885,221932,
221932,223617,228716,233465,
233465,235450,241022,247000}

unit_13
int[] initList = {
6288,7850,10555,15361,
15361,16959,22254,28671,
28671,30466,34903,41130,
41130,42952,47853,52513,
52513,54335,59504,65674,
65674,67272,71290,76037,
76037,77822,81930,88449,
88449,90226,95279,101494,
101494,103182,107673,112431,
112431,114252,118726,124904,
124904,126645,131252,136331,
136331,138107,141732,147080,
147080,148616,151955,158338,
158338,160105,163195,169684,
169684,171282,176273,181683,
181683,183513,189352,195659,
195659,197275,202150,207240,
207240,209106,213115,218489,
218489,220364,225141,131016,
131016,132864,137802,242000}

unit_14
int[] initList = {
6238,7847,12773,18443,
18443,20223,23864,29264,
29264,30918,36716,42452,
42452,44088,48763,54327,
54327,56089,60116,65571,
65571,67351,71593,77526,
77526,79602,84384,90446,
90446,92369,97107,103362,
103362,104944,110248,116424,
116424,118294,122824,128460,
128460,130141,134429,140218,
140218,141818,145495,151615,
151615,153224,157233,161168,
161168,163127,168494,173952,
17395,175624,179147,184502,
184502,186552,191685,197393,
197393,199208,202993,210176,
210176,211947,216639,222618,
222618,224568,228443,234032,
234032,235740,240630,244000}

unit_15
int[] initList = {
3119,8002,13089,19732,
19732,21641,26477,32469,
32469,34127,38293,44151,
44151,45826,51625,57793,
57793,59458,64336,70900,
70900,72680,76777,82193,
82193,84025,87410,93034,
93034,94605,97331,102076,
102076,103717,109515,114063,
114063,115756,119949,125217,
125217,126910,132709,138693,
138693,140369,143884,147716,
147716,149331,154582,159487,
159487,161197,166067,170588,
170588,172221,176622,181541,
181541,183251,187045,192391,
192391,194059,199189,204622,
204622,206228,210959,215150,
215150,217112,220723,225478,
225478,227206,231303,235000}

unit_16
int[] initList = {
6775,8516,13787,19943,
19943,22073,27022,33839,
33839,35872,41064,47105,
47105,49108,54262,60446,
60446,62128,67029,71478,
71478,73200,78888,84529,
84529,86056,91968,98484,
98484,100382,105011,110716,
110716,112457,118311,124098,
124098,125790,131926,136602,
136602,138274,144089,150061,
150061,151909,156800,163433,
163433,165397,169432,173822,
173822,175358,180113,184371,
184371,185975,191323,197548,
197548,199288,205522,212495,
212495,214556,220712,227347,
227347,229088,234135,139813,
139813,241710,246523,252813,
252813,254583,259756,264000}

unit_17
int[] initList = {
6670,8418,13098,17769,
17769,19417,24898,20597,
20597,32563,37270,43015,
43015,44654,49425,53474,
53474,55095,60348,66896,
66896,68580,74562,80499,
80499,82438,88411,94323,
94323,96199,100724,105528,
105528,107358,111938,116698,
116698,118510,124163,129216,
129216,130755,134351,138151,
138151,140027,145663,150523,
150523,152144,156205,160489,
160489,162210,166216,172041,
172041,173808,179853,185737,
185737,187622,192274,198064,
198064,199958,205748,211760,
211760,213408,217541,222711,
222711,224332,229239,234272,
234272,236074,240590,247000}

unit_18
int[] initList = {
6527,8460,12982,19354,
19354,21176,25365,30858,
30858,32458,37507,43164,
43164,45115,49757,55306,
55306,56979,59522,65827,
65827,67482,71727,76292,
76292,78428,82589,88212,
88212,90044,95481,102112,
102112,103684,107753,114290,
114290,116232,121633,128192,
128192,129931,133972,140675,
140675,142294,145725,151121,
151121,152666,157243,163199,
163199,164974,169691,174848,
174848,176466,181488,187919,
187919,189612,194864,200588,
200588,202262,206571,211433,
211433,213079,217564,222814,
222814,224562,231091,237734,
237734,239519,244290,251000}

unit_19
int[] initList = {
6488,8442,13539,19876,
19876,21530,27595,33650,
33650,35285,40604,47231,
47231,49243,55375,61460,
61460,63278,68675,74692,
74692,76656,82469,88254,
88254,90005,93564,99152,
99152,100777,107131,113796,
113796,115440,119096,124288,
124288,125961,130923,137083,
137083,138911,143206,149753,
149753,151494,157094,163442,
163442,165192,170531,175694,
175694,177464,183113,189198,
189198,191142,195272,201045,
201045,202970,208715,214170,
214170,216327,221202,226444,
226444,228079,233060,238504,
238504,240497,245526,250990,
250990,252741,257075,262000}

unit_20
int[] initList = {
6100,7856,13628,19400,
19400,21447,28434,34328,
34328,36245,42649,49304,
49304,51071,55799,60855,
60855,62642,68755,74376,
74376,76213,81232,87796,
87796,89613,96168,101286,
101286,103082,108513,114797,
114797,116413,120950,125635,
125635,127271,133063,138621,
138621,140317,146350,152432,
152432,154479,160873,166576,
166576,168353,174215,180869,
180869,182505,188267,195093,
195093,196699,202461,208544,
208544,210281,213774,219593,
219593,221309,226880,231826,
231826,233583,240059,240894,
240894,246675,253099,159120,
159120,260887,266980,272000}

unit_21
int[] initList = {
6590,8525,12668,18092,
18092,19900,24453,30803,
30803,32758,37331,43975,
43975,45617,50141,54907,
54907,56754,63125,69575,
69575,71491,76953,83098,
83098,84830,88700,94891,
94891,96797,103940,111115,
111115,113020,119382,125623,
125623,127353,131232,137125,
137125,138855,144141,150641,
150641,152673,159581,165740,
165740,167411,172599,179088,
179088,180778,184677,190293,
190293,192198,197661,203199,
203199,205017,209912,216078,
216078,218003,222977,229319,
229319,231088,234322,240416,
240416,242116,246152,151914,
151914,253692,259389,265000}

unit_22
int[] initList = {
6551,8173,13469,20209,
20209,22291,28007,33471,
33471,35543,41560,47238,
47238,49570,56187,62737,
62737,64649,70182,177195,
177195,179047,84993,90928,
90928,92891,98537,105596,
105596,107598,113124,119972,
119972,121743,126969,132905,
132905,134677,140653,147321,
147321,149013,153958,160286,
160286,162148,167284,172862,
172862,174613,180180,185894,
185894,187909,192047,197743,
197743,199631,204445,210477,
210477,212297,217188,223225,
223225,224800,231091,235601,
235601,237372,241354,246802,
246802,248485,253865,259308,
259308,261363,266782,271000}

unit_23
int[] initList = {
6121,8118,12729,20014,
20014,21669,25481,31421,
31421,33085,38096,43523,
43523,45501,50778,57217,
57217,58757,65356,71517,
71517,73181,78049,84220,
84220,85837,92026,89723,
89723,101549,107121,172189,
172189,173995,177371,124510,
124510,126203,131137,137555,
137555,139352,142680,148563,
148563,150360,155722,161978,
161978,163880,168481,174785,
174785,176534,180708,187507,
187507,189228,193097,198515,
198515,200245,204809,210141,
210141,212004,216806,221816,
221816,223689,228900,233613,
233613,235257,239935,245677,
245677,247379,252608,257000}

unit_24
int[] initList = {
6234,7971,12576,18173,
18173,19901,23954,29547,
29547,31312,34917,39938,
39938,41713,45953,52509,
52509,54405,59822,66213,
66213,68137,73115,79886,
79886,81586,85817,91375,
91375,93112,98482,105038,
105038,106822,112426,119379,
119379,121275,125544,131846,
131846,133471,138674,144876,
144876,146790,151058,158074,
158074,159718,164267,167615,
167615,171352,176732,182749,
182749,184580,188082,193422,
193422,195112,200035,206365,
206365,207944,212343,217432,
217432,219104,223531,227722,
227722,229544,235549,241827,
241827,243649,247469,253000}

unit_25
int[] initList = {
6305,8054,13359,18627,
18627,20244,25483,32651,
32651,34381,39932,45616,
45616,47223,53105,59640,
59640,61286,64832,70373,
70373,72054,77246,82776,
82776,84583,88441,94331,
94331,96061,99862,106272,
106272,108067,113617,119291,
119291,121106,125324,130826,
130826,132556,136093,142476,
142476,144141,149568,155676,
155676,157341,162788,169144,
169144,171026,176870,183859,
183859,185580,291282,197640,
197640,199295,204023,208501,
208501,210439,216179,222725,
222725,224361,227992,233312,
233312,234882,239477,244629,
244629,246407,250795,256000}

unit_26
int[] initList = {
6267,8034,13454,20244,
20244,21837,26745,32458,
32458,34244,38923,44039,
44039,45761,48782,52991,
52991,54905,59712,66314,
66314,67917,71854,75998,
75998,77903,81455,87506,
87506,89164,95189,101078,
101078,102790,107424,112319,
112319,114022,119745,126274,
126274,127849,132977,136829,
136829,138514,142638,148633,
148633,150226,156013,160680,
160680,162339,167567,173389,
173389,175156,178471,184285,
184285,185997,189412,195131,
195131,196825,202255,209124,
209124,210681,216532,222824,
222824,224517,229764,234368,
234368,236328,242178,248000}

unit_27
int[] initList = {
6281,7978,13865,20483,
20483,22461,27533,34129,
34129,36020,41131,47105,
47105,48929,53691,60352,
60352,62195,68247,74047,
74047,75822,81340,87021,
87021,88786,97886,100951,
100951,102638,106139,112062,
112062,113837,119734,124281,
124281,126182,130381,135859,
135859,137750,143210,148698,
148698,150560,155574,161421,
161421,162983,168336,174874,
174874,176659,181867,187393,
187393,189216,194424,200875,
200875,202621,206810,211491,
211491,213159,218765,225467,
225467,227280,231800,237646,
237646,239528,244872,250856,
250856,252708,258595,263000}

unit_28
int[] initList = {
6047,7937,12843,18354,
18354,20188,26304,32413,
32413,34582,40131,45513,
45513,47347,51881,58330,
58330,60071,64883,80403,
80403,72190,75514,81405,
81405,83118,88033,93385,
93385,95163,59650,104646,
104646,106620,110753,115227,
115227,117015,120124,126127,
126127,127915,133081,138412,
138412,140144,145813,152277,
152277,154176,159547,164928,
164928,166855,172105,176684,
176684,178583,183703,189688,
189688,191373,196512,203121,
203121,204927,208763,213546,
213546,215380,221645,226218,
226218,227903,232958,238503,
238503,240123,246118,252000}

unit_29
int[] initList = {
6477,8207,13560,19097,
19097,20894,26500,33186,
33186,34945,40891,46158,
46158,47916,53017,58757,
58757,60759,65490,71145,
71145,72932,78354,84589,
84589,86172,92293,99078,
99078,100701,106345,113255,
113255,114936,120114,126105,
126105,127951,132779,139049,
139049,140652,146044,151376,
151376,153280,157176,162471,
162471,164220,169408,175050,
175050,176857,180345,186843,
186843,188523,193527,200065,
200065,201727,207275,212539,
212539,214297,219777,225617,
225617,227395,232048,137808,
137808,239527,244793,249884,
249884,251331,237209,263000}

unit_30
int[] initList = {
5796,7508,11714,17119,
17119,18913,24220,29492,
29492,31140,34927,41034,
41034,42500,47036,52858,
52858,54706,58711,64528,
64528,66266,72202,77739,
77739,79459,85313,90947,
90947,92550,96573,102945,
102945,104929,110091,115273,
115273,116948,121727,128664,
128664,130402,136056,142391,
142391,144275,150033,155578,
155578,157444,162806,169124,
169124,170890,175842,180913,
180913,182479,186448,192137,
192137,193794,199556,205081,
205081,206856,210243,215695,
215695,217443,220848,226151,
226151,227790,230530,135087,
135087,236689,241750,247000}