
unit_1
int[] initList = {
37577,39410,42111,74224,
74224,49163,53407,58903,
58903,60842,64922,70350,
70350,71999,76369,82086,
82086,83697,88520,93447,
93447,95319,100219,105811,
105811,107567,111637,116119,
116119,117864,121009,127295,
127295,129021,133825,139388,
139388,140922,145667,151443,
151443,153035,157394,161537,
161537,163186,167884,172965,
172965,174605,178984,184162,
184162,185936,190113,195810,
195810,197237,200459,205170,
205170,206771,211179,216029,
216029,217639,221835,227977,
227977,229655,234053,139163,
139163,241198,246108,251747,
251747,253570,256802,261000}

unit_2
int[] initList = {
5848,7598,11151,15826,
15826,17437,21686,27102,
27102,28887,34503,39737,
39737,41383,46207,51309,
51309,53155,58023,63464,
63464,64988,69943,74400,
74400,75933,80635,85108,
85108,86588,92666,96838,
96838,98632,103064,109229,
109229,110831,115838,120497,
120497,122116,126749,132452,
132452,134193,139174,144294,
144294,145948,150250,155020,
155020,156753,162648,168038,
168038,169814,174342,179969,
179969,181955,185943,191374,
191374,193420,1997165,203547,
203547,205184,209251,213828,
213828,215491,219645,224851,
224851,226392,231634,235000}

unit_3
int[] initList = {
5849,7435,11741,16179,
16179,17707,21283,26038,
26038,27691,31049,36521,
36521,38024,42044,47735,
47735,49363,53710,58409,
58409,60289,63504,69084,
69084,70687,75672,81027,
81027,82832,87154,93040,
93040,94727,97883,103655,
103655,105183,110278,115945,
115945,117607,121644,126846,
126846,128508,132596,137489,
137489,1392620,143599,147936,
147936,149732,154499,160940,
160940,162585,166832,171692,
171692,173412,177726,183249,
183249,185137,189594,195175,
195175,196837,200933,206219,
206219,207805,211994,217106,
217106,219011,223660,227000}

unit_4
int[] initList = {
5877,7523,10752,15268,
15268,17009,20747,26609,
26609,28136,32375,37090,
37090,38800,42411,47118,
47118,48796,52788,56763,
56763,58290,63149,67810,
67810,69353,72995,77654,
77654,79364,84017,89282,
89282,90952,94953,99613,
99613,101315,106564,110717,
110717,112371,116005,120817,
120817,122694,125954,131535,
131535,133142,137572,141389,
141389,142932,147044,152514,
152514,154067,156994,162392,
162392,164134,168532,173455,
173455,175181,179905,184119,
184119,185892,189551,195048,
195048,196646,201489,206213,
206213,207820,210953,215000}

unit_5
int[] initList = {
5957,7611,11532,16153,
16153,17966,21808,25990,
25990,27597,32592,36250,
36250,38119,42860,47928,
47928,49574,53201,57965,
57965,59771,64631,68966,
68966,70525,74439,78828,
78828,80689,84721,89923,
89923,91554,95817,100668,
100668,102267,106777,111136,
111136,112973,117435,123020,
123020,124627,129630,134786,
134786,136337,140927,145611,
145611,147266,150964,155337,
155337,157005,161342,165097,
165097,166950,170052,174321,
174321,176007,180008,184834,
184834,186544,191786,196360,
196360,198086,201124,206174,
206174,207773,211933,215000}

unit_6
int[] initList = {
5620,7180,11580,16424,
16424,18339,22210,27217,
27217,28967,34753,40037,
40037,41606,45386,51024,
51024,52600,57000,61820,
61820,63463,67416,72177,
72177,73885,78252,83236,
83236,84920,90029,94991,
94991,96642,101636,106159,
106159,107818,112217,117499,
117499,119299,123855,128634,
128634,130318,133446,137734,
137734,139351,143503,148241,
148241,149991,153763,159202,
159202,160828,165730,169903,
169903,171496,176655,181155,
181155,182682,186058,191010,
191010,192826,196441,201846,
201846,203662,208886,213939,
213939,215523,219758,223000}


unit_7
int[] initList = {
5836,7637,12256,16940,
16940,18693,22960,27933,
27933,29462,33369,37706,
37706,39251,43974,49026,
49026,50660,54070,58864,
58864,60322,64405,68525,
68525,70287,75290,80214,
80214,81711,84906,88321,
88321,90298,95942,100139,
100139,102012,107368,112262,
112262,113960,118211,122139,
122139,123717,128664,133034,
133034,134635,137992,142776,
142776,144441,149709,154530,
154530,156275,159862,164832,
164832,166570,170212,175240,
175240,176897,180804,184443,
184443,185924,190656,195109,
195109,196774,201530,206157,
206157,208319,212458,217000}

unit_8
int[] initList = {
5652,7541,12320,17203,
17203,18990,21331,25376,
25376,27011,31941,37063,
37063,38658,42667,46683,
46683,48398,52391,56477,
56477,58065,62328,67298,
67298,68925,73990,78667,
78667,80119,84517,88628,
88628,90303,94781,100578,
100578,102198,107144,111469,
111469,113272,117805,122131,
122131,123775,128554,133904,
133904,135421,138715,143842,
143842,145335,151194,155847,
155847,157483,161611,166652,
166652,168152,172725,176828,
176828,178352,182941,187473,
187473,189005,192260,196544,
196544,198108,201649,205505,
205505,207156,211395,215000}

unit_9
int[] initList = {
5775,7255,11857,16740,
16740,18312,22246,27914,
27914,29574,33024,38690,
38690,40367,45816,49862,
49862,51369,54892,60293,
60293,62332,67507,73813,
73813,75441,79487,83404,
83404,85097,89224,94381,
94381,95969,98879,103279,
103279,105052,109719,114652,
114652,116288,121004,126050,
126050,127646,130975,135512,
135512,137164,140485,145489,
145489,147069,150173,155103,
155103,156634,161446,166510,
166510,168050,171476,176762,
176762,178358,183468,188273,
188273,189942,193158,197565,
197565,199177,203626,208238,
208238,209810,214630,218000}

unit_10
int[] initList = {
5872,7591,11442,15959,
15959,17542,22102,27409,
27409,29024,32183,35897,
35897,37616,42820,47786,
47786,49402,52807,57013,
57013,58723,62392,67245,
67245,98820,72751,78425,
78425,80104,82506,86298,
86298,87913,91724,96825,
96825,98408,102386,107749,
107749,109412,114139,119192,
119192,120672,124706,128882,
128882,130513,135486,140261,
140261,142155,146905,152605,
152605,154180,158381,163705,
163705,165368,170286,174462,
174462,176061,180274,184909,
184909,186548,189858,194591,
194591,196214,200320,204840,
204840,206495,211779,215000}

unit_11
int[] initList = {
6226,8191,13132,18124,
18124,19857,24523,28948,
28948,30749,34669,38689,
38689,40345,45217,50502,
50502,52414,57390,63745,
63745,65564,69578,75293,
75293,77009,82722,87018,
87018,88931,93383,100300,
100300,101844,105172,109491,
109491,111378,115976,122085,
122085,123681,128021,133140,
133140,135113,139685,145056,
145056,146660,152072,156772,
156772,158531,163489,169382,
169382,170926,174915,180421,
180421,182077,185542,189124,
189124,190874,195488,201775,
201775,203499,206064,210529,
210529,212279,217614,222402,
222402,224220,227900,230000}

unit_12
int[] initList = {
5897,7839,11762,16203,
16203,16823,21182,25509,
25509,27169,29799,34845,
34845,36596,40519,45415,
45415,47044,51678,57240,
57240,59106,63488,69600,
69600,71367,75091,80092,
80092,81890,86447,90761,
90761,92604,95908,100641,
100641,102384,107294,111248,
111248,112961,116326,120714,
120714,122198,126496,130103,
130103,131917,135595,140136,
140136,141742,144751,149242,
149242,150955,155184,159583,
159583,161128,163613,167846,
167846,169490,172633,177127,
177127,178817,182113,186968,
186968,188627,192329,196365,
196365,198009,202521,207000}

unit_13
int[] initList = {
6212,8054,13536,18673,
18673,20241,25226,30074,
30074,31643,36441,41586,
41586,43306,47767,52287,
52287,53915,58249,62972,
62972,64710,68758,73850,
73850,75596,79467,84296,
84296,85958,90866,95311,
95311,97192,100877,105109,
105109,106736,111417,115759,
115759,117656,122269,127322,
127322,128975,134103,138868,
138868,140529,145311,150067,
150067,151804,155456,160025,
160025,161585,166232,171114,
171114,172843,177701,182474,
182474,184363,188673,194458,
194458,196120,199501,204213,
204213,205975,210597,215862,
215862,217667,222330,228000}

unit_14
int[] initList = {
6265,8121,13526,18124,
18124,19808,24982,29984,
29984,31733,36165,41918,
41918,43635,46416,51653,
51653,53287,57224,62589,
62589,64240,67978,72689,
72689,74505,78598,82425,
82425,84299,87815,92567,
92567,94391,98789,104087,
104087,105755,109444,115336,
115336,117094,122211,126725,
126725,128417,132024,136645,
136645,138386,141720,146530,
146530,148180,152472,158413,
158413,160221,164619,169371,
169371,171154,174736,178920,
178920,180521,186067,190771,
190771,192570,197332,202117,
202117,203735,207597,211757,
211757,213647,218780,223000}

unit_15
int[] initList = {
6034,7686,11574,16651,
16651,18381,22808,27953,
27953,29563,33750,38938,
38938,40710,45462,51550,
51550,53245,57270,62699,
62699,64565,69275,74181,
74181,75979,81698,88175,
88175,89913,94425,100960,
100960,102638,106996,111498,
111498,113193,119686,121375,
121375,122968,128765,133724,
133724,135368,140368,145660,
145660,147296,150721,155763,
155763,157356,161046,165022,
165022,166649,171532,176110,
176110,177882,182831,188587,
188587,190351,193459,198996,
198996,200683,204887,209517,
209517,211289,215117,220887,
220887,222471,227539,232000}

unit_16
int[] initList = {
6027,7888,11866,17773,
17773,19634,23440,27775,
27775,29576,34094,39066,
39066,40567,45171,50426,
50426,52467,58528,63564,
63564,65254,71049,77397,
77397,79163,83716,89151,
89151,90805,94072,99687,
99687,101565,107026,112258,
112258,113955,117573,122442,
122442,123899,128383,132084,
132084,133893,138823,144637,
144637,146438,150356,155466,
155466,157180,162308,167323,
167323,169140,172956,177807,
177807,179513,184194,189390,
189390,191174,194449,199574,
199574,201357,206759,210985,
210985,212657,216172,221984,
221984,223631,228192,232000}

unit_17
int[] initList = {
6496,8310,12457,17881,
17881,19738,24933,30429,
30429,32013,37046,41567,
41567,43381,47256,52143,
52143,53864,57968,62846,
62846,64523,69667,74933,
74933,76534,80750,86113,
86113,87782,93607,98301,
98301,100217,103777,107938,
107938,109777,114555,118914,
118914,120779,124424,129926,
129926,131825,135274,140800,
140800,142622,146804,151043,
151043,152857,156110,160381,
160381,162025,165448,170573,
170573,172404,176543,183357,
183357,185528,190289,196313,
196313,198161,202683,208901,
208901,210715,214292,220116,
220116,221947,226333,230000}

unit_18
int[] initList = {
6193,7798,12047,16663,
16663,18319,22270,27952,
27952,29642,33320,38414,
38414,39984,44259,45668,
45668,50298,52986,57856,
57856,59785,64512,70666,
70666,72492,76929,83545,
83545,85141,90645,96015,
96015,97755,101689,105833,
105833,107506,112259,117352,
117352,119050,123803,128882,
128882,130904,135837,141684,
141684,143339,148809,153271,
153271,154867,160533,165673,
165673,167252,171058,176544,
176544,178054,181758,185833,
185833,187471,191618,196259,
196259,198025,201669,207830,
207830,209742,213915,220119,
220119,221750,226716,231000}

unit_19
int[] initList = {
6154,7794,11846,17181,
17181,18914,23381,28564,
28564,30408,35362,39855,
39855,41666,46235,51769,
51769,53391,57670,63341,
63341,65040,69345,75118,
75118,76732,81472,85536,
85536,87227,91463,95765,
95765,97465,101146,105634,
105634,107265,113107,118882,
118882,120522,124348,129043,
129043,130751,134210,139649,
139649,141391,146140,152666,
152666,154357,158627,163623,
163623,165288,170600,176751,
176751,178477,183293,188639,
188639,190381,195061,199697,
199697,201465,206444,210542,
210542,212199,215726,220718,
220718,222332,226491,231000}

unit_20
int[] initList = {
6100,7732,11903,17383,
17383,18931,23186,27572,
27572,29312,32875,38004,
38004,40077,44032,49569,
49569,51126,55297,59641,
59641,61289,65927,71415,
71415,72981,77618,82663,
82663,84245,89807,93644,
93644,95210,98457,104184,
104184,106199,110878,116466,
116466,118306,121595,125888,
125888,127570,131309,136952,
136952,138542,143213,148100,
148100,149982,154012,159450,
159450,161215,165694,171939,
171939,173754,178600,184239,
184239,186112,190183,195963,
195963,197687,201200,205835,
205835,207392,210831,216708,
216708,218356,222295,226000}

unit_21
int[] initList = {
6431,8342,13202,18733,
18733,20492,24253,29874,
29874,31675,36367,41822,
41822,43546,47266,52742,
52742,54466,58203,63487,
63487,65144,69464,74247,
74247,76116,80140,86989,
86989,88663,92636,99120,
99120,100752,104480,110170,
110170,111970,115284,119397,
119397,121113,125518,130818,
130818,132559,137826,142237,
142237,143869,148932,154625,
154625,156223,160881,165520,
165520,167337,170009,175323,
175323,177276,182348,188606,
188606,190263,193865,199038,
199038,200771,205023,210093,
210093,211784,216620,221496,
221496,223136,225705,229000}

unit_22
int[] initList = {
6153,8106,11398,15989,
15989,17702,22053,27505,
27505,29433,33933,38185,
38185,39848,44439,49071,
49071,50659,55276,60754,
60754,62359,67612,72477,
72477,74231,79344,85045,
85045,86708,91994,96055,
96055,97694,101392,106353,
106353,108182,111987,117475,
117475,119312,123233,128924,
128924,130777,135931,141326,
141326,142782,146364,150509,
150509,152047,156002,161311,
161311,162891,166871,171643,
171643,173281,177393,181849,
181849,183529,187392,191685,
191685,193348,196252,201726,
201726,203315,207741,212075,
212075,213614,218843,223000}

unit_23
int[] initList = {
6385,8325,13730,18522,
18522,20204,24018,28012,
28012,29686,34192,38971,
38971,40703,44217,50064,
50064,51771,55926,60813,
60813,62595,66509,71773,
71773,73547,78594,82589,
82589,84088,88236,92975,
92975,94566,99146,104373,
104373,106072,111310,116277,
116277,118017,121540,126843,
126843,128459,132681,136634,
136634,138300,142447,148076,
148076,149891,154264,159802,
159802,161359,166272,170903,
170903,172586,176658,181662,
181662,183360,187916,192269,
192269,194026,199273,205448,
205448,207264,211328,216564,
216564,218179,221719,225000}

unit_24
int[] initList = {
6241,7958,12862,18318,
18318,19879,23453,27935,
27935,29545,33400,37995,
37995,39523,43518,48381,
48381,49875,53797,58551,
58551,60153,63059,66984,
66984,68586,73019,77683,
77683,79202,84412,89298,
89298,91007,94334,99793,
99793,101419,104243,108907,
108907,110506,115022,120651,
120651,122352,127041,133022,
133022,134690,140081,144827,
144827,146338,152216,156575,
156575,158185,161413,166399,
166399,167959,172822,178344,
178344,179963,184792,189639,
189639,191389,196211,200617,
200617,202335,207519,213955,
213955,215524,219465,223000}

unit_25
int[] initList = {
6518,8341,12267,17430,
17430,19149,23581,29244,
29244,31050,36302,41398,
41398,43029,47936,53052,
53052,54858,59980,65852,
65852,67595,70816,74845,
74845,76494,81397,86657,
86657,88402,93201,97989,
97989,99638,103398,108982,
108982,110753,116372,122341,
122341,124191,128475,133142,
133142,134695,138752,144238,
144238,145878,150528,155160,
155160,156757,162070,167308,
167308,168913,173563,178000,
178000,179806,182807,188967,
188967,190790,194263,200604,
200604,202332,206293,212224,
212224,214187,219344,225193,
225193,226833,232121,236000}

unit_26
int[] initList = {
6305,7924,11877,16803,
16803,18483,23215,27812,
27812,29396,33402,39212,
39212,40892,46447,52675,
52675,54391,57806,62296,
62296,63914,69000,74932,
74932,76289,81278,86077,
86077,87899,91888,97825,
97825,99576,105308,111060,
111060,112776,115297,120830,
120830,122378,126959,131007,
131007,132882,137711,142329,
142329,143948,149467,154497,
154497,156125,161608,168397,
168397,170051,176092,181902,
181902,183618,188129,194383,
194383,195913,199734,204590,
204590,206218,211427,217637,
217637,219291,224412,228636,
228636,230344,234288,239000}

unit_27
int[] initList = {
6084,7932,13406,18323,
18323,20188,24794,29993,
29993,31651,35751,41500,
41500,43081,47524,52084,
52084,53803,57954,62750,
62750,64649,70089,75695,
75695,77439,83249,89059,
89059,90692,95290,99903,
99903,101630,106452,113193,
113193,114913,119941,125734,
125734,127445,130960,136595,
136595,138348,142697,148137,
148137,149822,155064,160891,
160891,162490,166030,170540,
170540,172199,176513,181445,
181445,183378,186343,190696,
190696,192286,195509,200447,
200447,202321,207898,212556,
212556,214060,216964,222567,
222567,224191,228952,232000}

unit_28
int[] initList = {
6075,7586,10583,16310,
16310,17949,22707,27079,
27079,28734,32607,37411,
37411,38929,42979,49063,
49063,50574,53563,58375,
58375,60054,63542,68000,
68000,69632,73216,77849,
77849,79657,82550,87032,
87032,88936,92303,97308,
97308,98996,103737,109372,
109372,111341,117255,123703,
123703,125374,128323,132828,
132828,134459,137923,142148,
142148,143611,147315,153274,
153274,153123,157727,162663,
162663,164479,169148,173646,
173646,175318,179721,185669,
185669,187397,191173,196677,
196677,198236,202005,207718,
207718,209462,212740,217000}

unit_29
int[] initList = {
6184,7855,13213,17879,
17879,19741,25199,30502,
30502,32445,37231,43060,
43060,44686,48954,55256,
55256,56745,61904,68055,
68055,69871,75238,79956,
79956,81876,86108,90253,
90253,91933,96092,102046,
102046,103670,108066,113880,
113880,115587,119510,124531,
124531,126238,131615,137935,
137935,139669,143274,148332,
148332,150048,155360,161472,
161472,163380,168438,173297,
173297,175041,180226,186002,
186002,187691,192604,198241,
198241,199903,204389,209914,
209914,211757,216743,222425,
222425,224396,229836,235696,
235696,237294,242552,246000}

unit_30
int[] initList = {
5873,7676,12363,18844,
18844,20514,26556,31402,
31402,33029,37822,43979,
43979,45764,50979,57181,
57181,58720,64164,69316,
69316,71031,75973,81505,
81505,83255,86869,91229,
91229,92970,98431,104623,
104623,106091,111764,116037,
116037,117515,120830,125812,
125812,127571,131757,137693,
137693,139337,143611,148454,
148454,150257,154381,159094,
159094,160765,164643,170507,
170507,172222,176777,182169,
182169,183874,188245,192832,
192832,194477,199023,204873,
204873,206552,209982,216464,
216464,218100,223244,227797,
227797,229538,234111,238000}