unit_1
int[] initList = {
37975,39765,44537,50161,
50161,51875,55482,59999,
59999,61768,66237,73024,
73024,74913,77928,83388,
83388,85064,89732,94622,
94622,96630,101127,106858,
106858,108591,112094,116793,
116793,118526,122768,127254,
127254,128882,132357,136668,
136668,138382,142359,146959,
146959,148805,154344,159988,
159988,161588,165205,169962,
169962,171695,176116,181388,
181388,183121,187561,193481,
193481,195223,199247,205939,
205939,207757,212226,216798,
216798,218521,221618,227068,
227068,228687,231736,237185,
237185,239126,142715,247224,
247224,249033,253161,256000}

unit_2
int[] initList = {
6108,7924,13330,18022,
18022,19715,25325,29907,
29907,31733,35772,40496,
40496,42210,47330,52205,
52205,54102,58274,63528,
63528,65486,71005,76249,
76249,78116,83277,88908,
88908,90612,96466,101549,
101549,103242,107924,112535,
112535,114330,119441,124153,
124153,125969,129957,135723,
135723,137457,142740,147913,
147913,149565,153451,159413,
159413,161236,167019,171734,
171734,173641,179017,184181,
184181,185987,191015,196757,
196757,198471,202946,207516,
207516,209175,212735,218105,
218105,219839,224837,230166,
230166,131900,235838,240000}

unit_3
int[] initList = {
6068,7697,12440,17739,
17739,19367,23570,28054,
28054,29691,34682,39275,
39275,40956,46168,52220,
52220,53715,57379,61987,
61987,64058,69111,75066,
75066,76703,81641,86374,
86374,88135,92542,98382,
98382,10073,104984,110346,
110346,112160,116062,120828,
120828,122713,127075,132650,
132650,134332,138464,144259,
144259,146126,150011,154822,
154822,156609,161892,168347,
168347,170099,174373,181149,
181149,182945,187334,193362,
193362,195185,200476,206584,
206584,208185,213123,217660,
217660,219465,223500,229218,
229218,230943,134961,240000}

unit_4
int[] initList = {
6117,7789,12570,17759,
17759,19581,23727,28824,
28824,30788,34891,41899,
41899,44030,47883,52703,
52703,54726,58127,62889,
62889,64644,68380,73301,
73301,75023,79311,85004,
85004,86851,90620,95752,
95752,97749,103207,108472,
108472,110186,113796,118852,
118852,120524,124629,128748,
128748,130533,134614,138636,
138636,140616,144355,149456,
149456,151360,155420,159810,
159810,161551,166094,170625,
17062,172423,177337,183463,
183463,185267,190338,1955058,
1955058,196830,200525,206072,
206072,207687,211112,217208,
217208,218885,223234,225500}

unit_5
int[] initList = {
5970,7966,11832,16074,
16074,17732,21555,27093,
27093,28751,32371,37807,
37807,39516,42679,48091,
48091,49952,54257,60203,
60203,61988,65946,70409,
70409,71957,76634,81563,
81563,83483,88837,94312,
94312,96003,99107,104722,
104722,106481,110837,116367,
116367,118236,121762,127430,
127430,128994,133181,139415,
139415,141132,144033,148801,
148801,150568,155820,161784,
161784,163526,168067,173110,
173110,174708,178895,184469,
184469,186346,191488,197129,
197129,198888,203667,208624,
208624,210214,214076,219508,
219508,221039,225031,227000}

unit_6
int[] initList = {
6181,8036,13104,17751,
17751,19403,22852,27344,
27344,29039,34242,39066,
39066,40685,45281,49680,
49680,51291,56527,59950,
59950,6180,66721,73377,
73377,75055,78318,83012,
83012,84877,89591,94794,
94794,96447,100359,105164,
105164,106834,112155,117358,
117358,119129,123877,129090,
129090,130793,134503,139325,
139325,141155,145979,150117,
150117,151761,154721,160175,
160175,161811,167461,172589,
172589,174369,177885,183779,
183779,185575,189783,194665,
194665,196537,202347,207618,
207618,209170,213436,219061,
219061,220739,224626,228000}


unit_7
int[] initList = {
6140,7860,12637,18302,
18302,20252,23795,28842,
28842,30528,34820,39342,
39342,41122,44324,48710,
48710,50419,54677,60338,
60338,62135,66453,71828,
71828,73676,78675,84220,
84220,85949,89372,93976,
93976,95807,99316,104433,
104433,106289,110650,115511,
115511,117265,121779,126343,
126343,128336,133565,139845,
139845,141753,144938,149388,
149388,151330,156559,161489,
161489,163295,167366,172501,
172501,174110,178028,183324,
183324,185112,189013,193883,
193883,195858,200636,205157,
205157,207098,211836,218113,
218113,220048,225507,230000}

unit_8
int[] initList = {
6155,7862,11297,15775,
15775,17402,23114,28756,
28756,30527,35525,41146,
41146,42701,47817,52732,
52732,54576,59610,65685,
65685,67520,72626,80022,
80022,181884,186620,92340,
92340,94337,100628,105844,
105844,107652,112071,118017,
118017,119635,124550,130122,
130122,131848,135816,140983,
140983,142935,147779,152910,
152910,154600,159652,165502,
165502,167246,172072,175902,
175902,177502,182419,186576,
186576,188284,193761,199119,
199119,200872,205735,210437,
210437,212190,217369,223006,
223006,224832,228808,233667,
233667,235348,240000,244000}

unit_9
int[] initList = {
6132,7938,12256,17023,
17023,18616,22764,27549,
27549,29261,33298,37299,
37299,39096,43926,48328,
48328,50023,55039,60091,
60091,61854,65899,71034,
71034,72855,77684,82771,
82771,84568,89721,95862,
95862,97727,102080,107154,
107154,108952,113895,119960,
119960,121638,126161,130989,
130989,132794,137496,142777,
142777,144404,150246,155053,
155053,156680,160657,165925,
165925,167765,171845,176119,
176119,178061,182277,187149,
187149,188810,193410,198092,
198092,200025,205349,210264,
210264,211942,2115809,220601,
220601,222339,226146,230000}

unit_10
int[] initList = {
6002,7754,12185,17789,
17789,19524,23947,29257,
29257,31032,34355,38305,
38305,40023,44642,49399,
49399,51370,56265,61659,
61659,63304,67409,71993,
71993,73622,78118,83782,
83782,85509,89826,94287,
94287,96030,100306,106523,
106523,108242,112314,116932,
116932,118724,122283,127202,
127202,128717,133376,137757,
137757,139517,142897,147236,
147236,149020,152165,156608,
156608,158400,163125,168125,
168125,169811,173175,178424,
178424,180021,182749,188626,
188626,190141,195305,199355,
199355,201070,206169,210578,
210578,212362,216133,220000}

unit_11
int[] initList = {
6283,8101,11779,16603,
16603,18563,22350,29079,
29079,30839,35346,40230,
40230,42039,46279,52688,
52688,54430,58996,63956,
63956,65841,71010,75610,
75610,77386,81106,85334,
85334,86875,90830,96283,
96283,98160,103052,107988,
107988,109681,112881,119598,
119598,121383,125153,129122,
129122,131032,134576,139333,
139333,141210,145893,151591,
151591,153358,157623,162630,
162630,264389,168176,173797,
173797,175421,178144,184019,
184019,185594,189381,194160,
194160,195911,199916,206303,
206303,208046,210626,216028,
216028,217561,221205,227000}

unit_12
int[] initList = {
6068,7845,12755,18729,
18729,20506,24772,30729,
30729,32325,35982,42214,
42214,43931,47519,52340,
52340,54023,59276,64315,
64315,65989,69869,75944,
75944,77627,81314,87566,
87566,89428,93643,89334,
89334,101034,103523,109392,
109392,111091,114542,118804,
118804,120495,124529,130612,
130612,132420,136540,142608,
142608,144367,148599,153258,
153258,154932,159275,163590,
163590,165316,169290,174842,
174842,176636,180722,186224,
186224,188026,192292,197684,
197684,199410,204448,210620,
210620,212432,215856,220601,
220601,222326,227193,231000}

unit_13
int[] initList = {
6186,8167,12833,19020,
19020,20589,24390,29138,
29138,30830,34024,39051,
39051,40700,43814,49261,
49261,50951,54622,60503,
60503,62419,66875,72496,
72496,74041,78170,82709,
82709,84609,88362,93422,
93422,94926,98816,104136,
104136,105866,109481,115702,
115702,117408,121079,126707,
126707,128486,132731,138003,
138003,139580,142871,147609,
147609,149275,153941,158964,
158964,160703,164358,168601,
168601,170146,173566,179016,
179016,180633,183828,187995,
187995,189710,193057,197919,
197919,199461,203520,207384,
207384,209010,212980,219000}

unit_14
int[] initList = {
6660,8512,12385,17650,
17650,19476,23205,29040,
29040,30883,34740,40516,
40516,42087,45162,51233,
51233,52864,56355,62761,
62761,64638,68741,74908,
74908,76802,80923,86562,
86562,88414,91735,96828,
96828,98672,103360,109461,
109461,111245,115594,121039,
121039,122865,127214,133170,
133170,134776,139379,145435,
145435,147135,150219,154777,
154777,156603,160918,165768,
165768,167671,171400,176383,
176383,178082,182516,189116,
189116,190679,195470,200134,
200134,201782,205562,210103,
210103,213946,216805,222461,
222461,224168,226810,230000}

unit_15
int[] initList = {
6292,9094,11699,17007,
17007,18645,22733,26564,
26564,28219,32684,38453,
38453,40206,43983,49125,
49125,50747,53450,58898,
58898,60610,64886,70136,
70136,171815,175133,80721,
80721,82393,85391,89655,
89655,191400,196168,101281,
101281,102953,108106,113030,
113030,114808,118667,123893,
123893,125679,129063,133665,
133665,135533,139670,145256,
145256,147263,151581,156908,
156908,158604,163069,168698,
168698,170328,174694,180272,
180272,181902,184819,190642,
190642,192395,195894,200521,
200521,202290,205911,211882,
211882,213562,218071,222000}

unit_16
int[] initList = {
6314,7942,11451,17035,
17035,18776,22546,26707,
26707,28550,31831,37425,
37425,39352,43811,49542,
49542,51258,55987,61078,
61078,62685,67867,72620,
72620,74244,77491,82832,
82832,84666,88502,93667,
93667,95476,100061,105421,
105421,107213,111992,116990,
116990,118816,123418,129021,
129021,130932,135375,141137,
141137,142955,146598,151948,
151948,153741,158031,163220,
163220,164987,169791,174892,
174892,176701,181657,186410,
186410,188076,191298,195299,
195299,197032,201988,206994,
206994,208702,212783,217518,
217518,219167,223265,228000}

unit_17
int[] initList = {
6522,8210,12137,16712,
16712,18459,22319,27076,
27076,28665,33682,38006,
38006,39828,43605,47538,
47538,49244,52854,59359,
59359,60957,65283,69516,
69516,71346,74949,80422,
80422,82219,86870,92002,
92002,93683,98741,104758,
104758,106580,110573,115148,
115148,116745,120963,126452,
126452,127966,131735,136558,
136558,138322,143242,148322,
148322,150103,155194,160970,
160970,162776,166519,270925,
270925,172598,176774,181399,
181399,183071,187289,192054,
192054,193851,198726,204343,
204343,205965,210641,216090,
216090,217879,221564,225000}

unit_18
int[] initList = {
6178,8049,12922,18248,
18248,20160,23868,28396,
28396,30103,33081,381875,
381875,39947,43130,47606,
47606,49321,53399,57410,
57410,59084,63670,69473,
69473,71171,74428,79399,
79399,81294,86184,90614,
90614,92313,96349,102332,
102332,403792,108493,114861,
114861,116764,122731,127419,
127419,129281,133121,138148,
138148,140216,144712,149168,
149168,150899,154722,159875,
159875,161615,165110,170770,
170770,172304,176070,180178,
180178,181885,185478,190720,
190720,192336,196808,202060,
202060,203685,207738,211688,
211688,213534,216669,222000}

unit_19
int[] initList = {
6570,8233,12976,17914,
17914,19541,23442,27219,
27219,28959,33468,37806,
37806,39603,44549,48782,
48782,50611,56221,60617,
60617,62422,66097,70863,
70863,72328,75954,81248,
81248,82972,86833,92467,
92467,94272,98440,103946,
103946,105702,108770,113437,
113437,115202,118925,124267,
124267,126048,130621,135324,
135324,136853,140188,146308,
146308,147944,151594,156522,
156522,158117,162488,167530,
167530,169391,174483,179762,
179762,181518,185987,190000,
190000,191797,194597,199687,
199687,201565,204196,208255,
208255,209882,214771,219000}

unit_20
int[] initList = {
6333,8144,11353,16252,
16252,17962,22475,26724,
26724,28654,34200,38636,
38636,40371,43843,49617,
49617,51420,55450,61232,
61232,62942,66574,71541,
71541,73138,78670,83591,
83591,85233,88984,94544,
94544,96339,100124,106932,
106932,108676,112749,117920,
117920,119681,123474,128358,
128358,130034,133624,138700,
138700,140368,143695,148808,
148808,150468,154591,159033,
159033,160752,165036,169903,
169903,171817,175364,180383,
180383,182338,186047,191778,
191778,193471,198145,204258,
204258,206078,211454,217918,
217918,219831,224132,229000}

unit_21
int[] initList = {
6421,8155,12290,16660,
16660,18385,21788,27444,
27444,29104,32710,37398,
37398,38977,42924,47620,
47620,49280,52805,58598,
58598,60389,64336,68203,
68203,69887,74136,179793,
179793,181478,184799,188736,
188736,190437,194555,199478,
199478,101432,105127,109880,
109880,111679,115969,120469,
120469,122032,126330,130927,
130927,132580,137235,142095,
142095,143715,148891,153841,
153841,155542,160255,164886,
164886,166653,172342,178385,
178385,180054,183546,187694,
187694,189501,193734,198356,
198356,200220,204509,210329,
210329,212282,207085,210000}

unit_22
int[] initList = {
6396,8404,12058,17596,
17596,19325,23959,28725,
28725,30437,34915,39507,
39507,41310,45820,51046,
51046,52799,56536,61565,
61565,63269,67212,71019,
71019,72880,76320,81603,
81603,83340,87751,92682,
92682,94493,98773,104443,
104443,106320,109942,115043,
115043,116624,119356,123955,
123955,125823,131733,137645,
137645,139414,142509,146786,
146786,148482,182943,159201,
159201,160921,166140,170421,
170421,172059,175886,179941,
179941,181669,186361,192278,
192278,194081,197711,202864,
202864,204618,209441,213703,
213703,215505,219637,223000}

unit_23
int[] initList = {
6505,8227,13282,18134,
18134,19855,23129,28896,
28896,30855,35248,39946,
39946,41829,46867,52917,
52917,54791,60219,64715,
64715,66471,72069,76420,
76420,78252,82637,89264,
89264,90901,95413,101333,
101333,103114,107024,112333,
112333,113953,118949,124351,
124351,126107,130280,134716,
134716,136353,139813,146088,
146088,167767,151635,157887,
157887,159431,162916,166874,
166874,168621,172633,178000,
178000,179679,183759,188032,
188032,189762,192943,198717,
198717,200574,205485,211001,
211001,212672,216565,221242,
221242,222964,225992,230000}

unit_24
int[] initList = {
6458,8225,13787,18944,
18944,20702,24827,29999,
29999,31614,35493,41030,
41030,42924,48139,53312,
53312,55239,59271,65867,
65867,67583,70761,76547,
76547,78254,82903,87148,
87148,88923,92270,98161,
98161,99936,104678,110215,
110215,111813,115980,120669,
120669,122377,126925,131506,
131506,133331,137913,142536,
142536,144531,148479,154000,
154000,155763,158942,164080,
164080,165880,169507,174019,
174019,175659,178423,184312,
184312,186104,189612,195453,
195453,197245,201793,207649,
207649,209247,212518,218578,
218578,220269,224664,229000}

unit_25
int[] initList = {
6743,8476,12105,16992,
16992,18705,21788,25543,
25543,27170,31664,35987,
35987,37608,40959,45989,
45989,47711,51499,57430,
57430,59127,63201,68567,
68567,70289,73700,79065,
79065,80804,85021,90817,
90817,92589,97016,102040,
102040,103603,107458,113404,
113404,115319,119309,124979,
124979,126684,131094,135984,
135984,137588,142494,147457,
147457,149271,153219,158180,
158180,159927,165670,171636,
171636,173358,177810,182419,
182419,184041,188568,194769,
194769,196558,201640,207841,
207841,209580,213973,217835,
217835,219506,223093,228000}

unit_26
int[] initList = {
6670,8691,12741,17443,
17443,19141,23069,28136,
28136,29939,35269,40339,
40339,42020,47045,52540,
52540,54125,58349,63418,
63418,65160,68878,74285,
74285,75861,81095,86235,
86235,88186,91348,86797,
86797,98496,102676,106932,
106932,108604,112254,116588,
116588,118409,123225,128188,
128188,129982,134215,139109,
139109,140833,145275,150124,
150124,151857,160172,165246,
165246,166854,172384,177828
177828,179517,183306,188277
188277,190019,194443,200819,
200819,202482,207786,213379,
213379,215173,219929,225730,
225730,227489,232096,236000}

unit_27
int[] initList = {
6472,8433,13211,19658,
19658,21429,25646,29955,
29955,31744,35649,40850,
40850,42673,47961,54278,
54278,55937,61165,65198,
65198,67064,70935,75660,
75660,77509,81958,86891,
86891,88524,92767,96895,
96895,98562,102839,108039,
108039,109724,113569,119008,
119008,120790,125525,130934,
130934,132765,138140,144035,
144035,145746,150740,156150,
156150,158068,161636,167311,
167311,169109,173498,178837,
178837,180574,183900,188649,
188649,190403,195657,201428,
201428,203260,208453,213525,
213525,215322,218960,224526,
224526,226107,229459,234000}

unit_28
int[] initList = {
6213,8132,12588,17009,
17009,18688,23589,28230,
28230,29917,33375,38063,
38063,39641,44508,48720,
48720,50399,55208,59511,
59511,61248,64354,69176,
69176,70846,74547,79657,
79657,81620,86429,92382,
92382,94043,98147,102240,
102240,103877,109466,113822,
113822,115727,119932,125100,
125100,126737,131176,136237,
136237,137974,142741,148844,
148844,150530,155499,161124,
161124,162794,166142,170856,
170856,172744,176455,181781,
181781,183443,188629,193179,
193179,194899,200346,206406,
206406,208102,212054,216855,
216855,218575,222134,227000}

unit_29
int[] initList = {
6524,8384,13483,19321,
19321,21033,24768,31258,
31258,32961,37435,41281,
41281,43001,46276,51546,
51546,53283,58218,63187,
63187,65098,69911,74984,
74984,76556,79953,84745,
84745,86465,91234,100690,
100690,102278,107577,112778,
112778,114420,119329,124810,
124810,126756,130491,135268,
135268,137040,141705,148257,
148257,150177,154685,160586,
160586,162436,166910,173330,
173330,175163,179003,184771,
184771,186595,190487,195272,
195272,197062,200919,205546,
205546,207353,211975,216196,
216196,219942,221513,226122,
226122,227781,232281,235000}

unit_30
int[] initList = {
6309,8180,13048,18980,
18980,20791,26133,30571,
30571,32311,36740,42830,
42830,44491,49464,54798,
54798,56749,60281,65147,
65147,66904,70384,75865,
75865,77649,81990,86866,
86866,88500,93878,100198,
100198,101868,106578,113001,
113001,114741,120058,125260,	
125260,126920,131156,137423,
137423,139207,144277,150102,
150102,151780,156507,160479,
160479,162220,166543,172464,
172464,174055,176867,180760,
180760,182540,187460,191956,
191956,193845,198704,203706,
203706,205463,209681,215251,
215251,216921,222553,228019,
228019,229654,234486,238000}